2025-05-23T02:00:00.000Z,ssh root password guessing
2025-09-11T07:00:00.000Z,ssh root password guessing
