2025-06-27T11:00:00.000Z,ssh user account guessing
2025-07-20T23:00:00.000Z,ssh user account guessing
2025-08-14T18:00:00.000Z,ssh user account guessing
2025-09-07T19:00:00.000Z,ssh root password guessing
2025-09-20T01:00:00.000Z,ssh user account guessing
2025-10-10T15:00:00.000Z,ssh user account guessing
