2022-07-07T08:43:58.000Z,smtp auth attempt
2022-07-11T12:01:26.000Z,smtp auth attempt
