2023-11-01T06:50:43.000Z,ssh user account guessing
