2022-06-14T13:41:29.000Z,ssh user account guessing
2022-06-15T03:28:24.000Z,ssh user account guessing
