2020-07-08T18:01:04.000Z,ssh user account guessing
2020-07-08T18:01:05.000Z,ssh user account guessing
2020-07-29T05:54:23.000Z,ssh user account guessing
2020-07-29T05:54:23.000Z,ssh user account guessing
2020-09-03T21:48:16.000Z,ssh user account guessing
2020-09-03T21:48:16.000Z,ssh user account guessing
