2024-08-04T03:42:03.000Z,ssh user account guessing
