2020-05-22T17:26:44.000Z,ssh user account guessing
