2020-03-06T23:52:55.000Z,ssh user account guessing
