2025-11-25T10:00:00.000Z,ssh user account guessing
