2021-05-31T09:26:38.000Z,ssh user account guessing
