2023-04-06T13:40:21.000Z,ssh user account guessing
