2022-08-24T00:28:42.000Z,smtp auth attempt
