2023-10-16T09:48:23.000Z,ssh root password guessing
