2024-11-11T19:00:00.000Z,ssh root password guessing
2024-11-12T04:00:00.000Z,ssh user account guessing
