2023-10-19T18:36:45.000Z,smtp auth attempt
2024-05-29T20:10:20.000Z,smtp auth attempt
