2025-06-16T03:00:00.000Z,ssh user account guessing
