2023-07-20T08:48:06.000Z,ssh root password guessing
