2020-02-27T23:38:09.000Z,ssh user account guessing
