2023-05-14T14:13:50.000Z,ssh root password guessing
