2020-05-17T02:41:06.000Z,ssh user account guessing
2020-09-16T00:06:14.000Z,ssh root password guessing
2020-09-24T12:39:19.000Z,ssh user account guessing
2021-07-23T08:09:42.000Z,ssh root password guessing
2022-11-04T03:48:21.000Z,ssh root password guessing
2022-11-14T00:12:14.000Z,ssh root password guessing
2022-12-05T11:07:16.000Z,ssh user account guessing
2023-01-19T22:14:37.000Z,ssh user account guessing
