2021-08-20T02:01:41.000Z,ssh user account guessing
2022-01-17T20:27:53.000Z,ssh root password guessing
2022-06-09T09:28:12.000Z,ssh user account guessing
