2024-09-28T00:00:00.000Z,smtp auth attempt
2024-10-13T22:00:00.000Z,smtp auth attempt
2024-11-07T19:00:00.000Z,smtp auth attempt
2024-12-25T20:00:00.000Z,ssh user account guessing
2025-01-08T19:00:00.000Z,smtp auth attempt
2025-03-20T04:00:00.000Z,ssh user account guessing
2025-12-27T19:00:00.000Z,smtp auth attempt
2026-07-20T12:00:00.000Z,smtp auth attempt
2026-09-14T08:00:00.000Z,smtp auth attempt
