2020-06-09T14:45:53.000Z,ssh user account guessing
