2023-07-30T04:49:51.000Z,ssh root password guessing
