2022-07-15T14:56:07.000Z,ssh user account guessing
