2020-05-05T15:17:10.000Z,ssh root password guessing
