2020-11-22T03:51:26.000Z,ssh user account guessing
2020-11-26T07:47:49.000Z,ssh user account guessing
