2025-11-23T03:00:00.000Z,ssh user account guessing
2026-03-06T02:00:00.000Z,ssh user account guessing
