2023-03-14T04:50:25.000Z,ssh root password guessing
