2024-08-24T16:56:43.000Z,smtp auth attempt
2024-10-08T04:00:00.000Z,smtp auth attempt
