2026-07-20T15:00:00.000Z,smtp auth attempt
