2020-10-11T13:18:50.000Z,ssh user account guessing
