2025-05-12T10:00:00.000Z,ssh root password guessing
