2023-08-03T00:56:40.000Z,ssh root password guessing
