2022-04-22T20:20:44.000Z,ssh root password guessing
