2023-09-19T03:29:29.000Z,smtp auth attempt
