2023-02-13T06:30:30.000Z,ssh root password guessing
2023-02-18T15:42:19.000Z,ssh root password guessing
2023-03-31T10:08:16.000Z,ssh user account guessing
2023-04-28T16:23:53.000Z,ssh user account guessing
2023-05-27T01:41:01.000Z,ssh root password guessing
2023-07-01T10:25:36.000Z,ssh user account guessing
2024-01-11T16:10:52.000Z,ssh root password guessing
2024-02-05T02:05:31.000Z,ssh root password guessing
2024-03-13T09:11:36.000Z,ssh user account guessing
2024-03-14T12:59:07.000Z,ssh root password guessing
2025-05-19T08:00:00.000Z,ssh user account guessing
2026-02-22T14:00:00.000Z,ssh root password guessing
