2020-06-26T06:28:12.000Z,ssh user account guessing
