2023-12-19T06:41:48.000Z,ssh root password guessing
2023-12-28T11:10:43.000Z,ssh root password guessing
2024-04-20T14:30:46.000Z,ssh user account guessing
