2024-03-19T17:32:01.000Z,ssh root password guessing
2024-03-20T19:07:42.000Z,ssh root password guessing
