2023-10-24T23:52:02.000Z,ssh user account guessing
