2021-05-09T03:17:12.000Z,ssh root password guessing
2021-05-15T21:09:30.000Z,ssh user account guessing
2022-01-19T04:02:31.000Z,ssh root password guessing
2023-01-11T03:10:55.000Z,ssh root password guessing
