2021-06-18T18:18:58.000Z,ssh root password guessing
