2022-02-12T17:18:03.000Z,ssh user account guessing
