2025-10-16T16:00:00.000Z,ssh user account guessing
2025-10-25T00:00:00.000Z,ssh user account guessing
2025-10-28T01:00:00.000Z,ssh user account guessing
