2023-11-11T15:27:55.000Z,ssh user account guessing
2023-12-01T02:54:19.000Z,ssh user account guessing
2024-01-08T11:20:45.000Z,ssh user account guessing
