2020-09-13T01:12:21.000Z,ssh user account guessing
