2020-10-12T04:18:26.000Z,ssh user account guessing
2021-01-15T03:12:36.000Z,ssh user account guessing
2021-05-02T16:23:49.000Z,ssh root password guessing
2021-08-19T07:41:05.000Z,ssh user account guessing
