2023-01-16T11:32:50.000Z,ssh user account guessing
2023-01-31T09:27:10.000Z,ssh user account guessing
2023-02-26T16:52:17.000Z,ssh root password guessing
