2022-09-23T12:27:00.000Z,ssh root password guessing
