2025-10-28T13:00:00.000Z,ssh root password guessing
