2023-02-26T03:57:04.000Z,ssh user account guessing
