2023-11-14T09:48:20.000Z,ssh user account guessing
