2023-05-03T05:51:31.000Z,ssh root password guessing
2023-08-07T21:25:25.000Z,ssh root password guessing
