2021-03-29T08:47:54.000Z,ssh root password guessing
2021-05-23T09:52:13.000Z,ssh root password guessing
