2023-02-17T22:43:03.000Z,ssh user account guessing
2023-02-25T12:46:59.000Z,ssh user account guessing
2023-02-27T09:16:42.000Z,ssh user account guessing
