2022-07-01T11:08:26.000Z,ssh user account guessing
