2025-05-16T16:00:00.000Z,ssh user account guessing
2025-07-28T14:00:00.000Z,ssh user account guessing
2025-08-22T03:00:00.000Z,ssh user account guessing
