2021-01-29T17:37:15.000Z,ssh user account guessing
2021-01-29T17:37:15.000Z,ssh user account guessing
