2021-05-06T13:32:31.000Z,ssh root password guessing
2021-08-10T08:43:22.000Z,ssh user account guessing
