2026-03-24T14:00:00.000Z,ssh user account guessing
