2024-03-28T11:09:55.000Z,ssh user account guessing
