2021-04-04T16:47:35.000Z,ssh user account guessing
2021-04-22T00:12:47.000Z,ssh root password guessing
2021-08-11T04:33:42.000Z,ssh user account guessing
2022-09-13T20:16:46.000Z,ssh user account guessing
2022-09-30T18:14:48.000Z,ssh user account guessing
2022-10-23T11:02:04.000Z,ssh user account guessing
2023-06-18T10:07:37.000Z,ssh user account guessing
2023-07-11T22:24:04.000Z,ssh user account guessing
2023-11-10T22:48:42.000Z,ssh user account guessing
2023-12-07T19:32:11.000Z,ssh user account guessing
2024-03-09T03:27:52.000Z,ssh user account guessing
2024-04-04T03:25:09.000Z,ssh user account guessing
2024-05-17T01:52:19.000Z,ssh root password guessing
2024-07-02T23:01:07.000Z,ssh user account guessing
2024-08-14T21:00:00.000Z,ssh user account guessing
2024-10-12T01:00:00.000Z,ssh user account guessing
2024-10-19T01:00:00.000Z,ssh user account guessing
2024-10-25T21:00:00.000Z,ssh user account guessing
2024-11-07T10:00:00.000Z,ssh user account guessing
2024-11-24T17:00:00.000Z,ssh root password guessing
2024-12-14T16:00:00.000Z,ssh user account guessing
