2025-01-06T14:00:00.000Z,ssh user account guessing
