2025-12-17T12:00:00.000Z,smtp auth attempt
