2023-12-11T04:17:05.000Z,ssh root password guessing
