2026-03-17T11:00:00.000Z,ssh root password guessing
2026-03-17T12:00:00.000Z,ssh root password guessing
