2020-02-04T17:57:54.000Z,ssh root password guessing
