2023-03-07T03:12:40.000Z,ssh user account guessing
2023-03-29T11:08:56.000Z,ssh root password guessing
