2026-10-07T21:00:00.000Z,ssh root password guessing
