2022-08-23T05:58:22.000Z,smtp auth attempt
2022-09-24T06:22:08.000Z,ssh root password guessing
2022-10-26T22:32:15.000Z,smtp auth attempt
2023-01-23T00:21:39.000Z,ssh user account guessing
2023-04-25T08:19:31.000Z,ssh user account guessing
2023-05-26T22:44:19.000Z,ssh user account guessing
2023-08-22T18:32:47.000Z,ssh user account guessing
2023-09-14T23:53:44.000Z,smtp auth attempt
2023-10-20T15:54:18.000Z,smtp auth attempt
