2020-03-27T16:17:36.000Z,ssh root password guessing
