2023-01-29T18:47:51.000Z,ssh user account guessing
