2023-10-29T06:01:38.000Z,smtp auth attempt
