2021-08-09T22:53:52.000Z,ssh user account guessing
