2026-05-13T05:00:00.000Z,ssh user account guessing
