2023-04-26T13:08:40.000Z,ssh user account guessing
2023-04-27T05:44:59.000Z,ssh user account guessing
2023-04-27T15:02:10.000Z,ssh user account guessing
