2024-07-19T10:09:19.000Z,ssh root password guessing
