2025-09-29T15:00:00.000Z,ssh root password guessing
2025-09-29T16:00:00.000Z,ssh root password guessing
