2020-04-24T17:14:54.000Z,ssh user account guessing
2020-05-04T13:54:04.000Z,ssh user account guessing
2020-05-24T10:05:45.000Z,ssh user account guessing
2020-09-13T19:35:18.000Z,ssh user account guessing
