2022-05-24T23:39:31.000Z,ssh user account guessing
