2025-02-14T22:00:00.000Z,ssh root password guessing
