2022-06-28T20:16:50.000Z,ssh user account guessing
