2020-02-03T13:41:24.000Z,ssh user account guessing
