2023-11-10T08:12:24.000Z,ssh user account guessing
