2025-09-11T02:00:00.000Z,ssh user account guessing
