2023-06-04T09:19:17.000Z,ssh user account guessing
