2021-08-19T17:56:31.000Z,ssh user account guessing
