2023-09-27T14:40:58.000Z,ssh root password guessing
2023-10-11T13:04:25.000Z,ssh user account guessing
