2020-05-13T20:55:18.000Z,ssh user account guessing
