2024-11-10T16:00:00.000Z,ssh user account guessing
2024-11-13T22:00:00.000Z,ssh root password guessing
2024-11-17T20:00:00.000Z,ssh root password guessing
