2022-09-16T22:58:28.000Z,ssh root password guessing
