2021-11-13T04:19:26.000Z,ssh user account guessing
