2023-03-29T11:32:30.000Z,ssh root password guessing
