2022-08-05T07:02:48.000Z,ssh user account guessing
