2020-04-05T20:36:40.000Z,ssh root password guessing
