2024-02-01T22:56:41.000Z,smtp auth attempt
2024-03-01T00:49:00.000Z,smtp auth attempt
