2023-09-24T01:58:01.000Z,ssh user account guessing
