2023-12-29T23:16:25.000Z,ssh user account guessing
