2023-02-08T08:05:31.000Z,ssh root password guessing
2023-02-11T01:36:06.000Z,ssh root password guessing
