2020-04-26T16:33:45.000Z,ssh user account guessing
2020-07-18T17:12:21.000Z,ssh user account guessing
2020-08-29T23:09:51.000Z,ssh user account guessing
2020-10-20T20:40:20.000Z,ssh root password guessing
2022-04-20T01:02:06.000Z,ssh root password guessing
2022-08-04T08:13:08.000Z,ssh root password guessing
2022-11-22T03:30:30.000Z,ssh root password guessing
2023-01-07T22:38:31.000Z,ssh user account guessing
2023-04-12T15:05:50.000Z,ssh user account guessing
