2023-09-28T23:48:05.000Z,ssh root password guessing
