2022-10-24T03:44:26.000Z,ssh user account guessing
