2022-09-28T00:54:17.000Z,ssh root password guessing
