2021-07-09T00:40:49.000Z,ssh root password guessing
