2020-12-03T07:33:49.000Z,ssh root password guessing
