2022-03-08T02:44:14.000Z,ssh root password guessing
2022-04-24T10:23:51.000Z,ssh root password guessing
2022-08-05T02:45:08.000Z,ssh root password guessing
2022-09-30T00:07:27.000Z,ssh user account guessing
2022-11-07T23:29:45.000Z,ssh user account guessing
2022-12-09T11:31:44.000Z,ssh root password guessing
2023-02-03T08:18:44.000Z,ssh root password guessing
2023-02-15T08:26:17.000Z,ssh user account guessing
2023-04-18T16:08:34.000Z,ssh root password guessing
2023-05-06T02:00:36.000Z,ssh user account guessing
2023-06-03T13:54:01.000Z,ssh root password guessing
2023-06-27T09:40:53.000Z,ssh user account guessing
2023-10-07T11:04:27.000Z,ssh user account guessing
2023-12-03T21:03:22.000Z,ssh user account guessing
2023-12-26T10:45:13.000Z,ssh user account guessing
2024-01-20T20:23:52.000Z,ssh user account guessing
2024-03-16T05:32:44.000Z,ssh root password guessing
2024-05-03T22:38:19.000Z,ssh root password guessing
2024-05-16T07:17:36.000Z,ssh root password guessing
