2022-10-17T21:16:53.000Z,ssh user account guessing
