2022-01-03T12:27:06.000Z,ssh user account guessing
