2024-03-25T11:27:54.000Z,ssh root password guessing
2024-05-01T18:10:55.000Z,ssh user account guessing
