2023-12-07T10:03:38.000Z,ssh root password guessing
