2023-11-03T04:36:14.000Z,smtp auth attempt
2023-11-24T17:19:57.000Z,ssh user account guessing
