2024-06-02T10:39:19.000Z,smtp auth attempt
2024-10-17T06:00:00.000Z,smtp auth attempt
2024-11-04T02:00:00.000Z,smtp auth attempt
