2025-03-15T18:00:00.000Z,ssh root password guessing
2025-03-19T22:00:00.000Z,ssh user account guessing
2025-07-28T11:00:00.000Z,ssh user account guessing
2025-08-26T22:00:00.000Z,ssh user account guessing
2025-09-19T18:00:00.000Z,ssh root password guessing
2025-12-02T22:00:00.000Z,ssh root password guessing
