2024-08-20T15:21:59.000Z,ssh root password guessing
