2022-02-22T16:24:12.000Z,ssh root password guessing
