2020-05-30T16:18:16.000Z,ssh root password guessing
