2024-04-21T07:13:42.000Z,ssh user account guessing
