2020-10-25T21:35:47.000Z,ssh user account guessing
