2023-01-19T14:33:50.000Z,ssh user account guessing
