2020-08-29T20:42:32.000Z,ssh user account guessing
