2020-05-01T01:42:37.000Z,ssh root password guessing
2020-06-12T10:27:36.000Z,ssh user account guessing
