2020-11-11T18:16:33.000Z,ssh user account guessing
