2020-02-26T02:41:47.000Z,ssh user account guessing
