2023-09-26T15:06:15.000Z,smtp auth attempt
