2023-05-01T01:41:20.000Z,ssh user account guessing
