2022-04-28T04:11:12.000Z,ssh root password guessing
