2020-09-23T21:40:04.000Z,ssh root password guessing
2020-09-25T19:37:46.000Z,ssh user account guessing
