2020-08-21T15:26:11.000Z,ssh user account guessing
