2020-05-07T15:47:38.000Z,ssh user account guessing
