2020-04-18T05:56:16.000Z,ssh root password guessing
