2021-01-11T16:05:20.000Z,ssh root password guessing
