2020-12-25T06:58:09.000Z,ssh user account guessing
