2020-11-11T00:34:06.000Z,ssh user account guessing
2020-11-22T07:16:59.000Z,ssh user account guessing
2021-05-06T09:59:13.000Z,ssh root password guessing
2021-07-30T18:45:11.000Z,ssh root password guessing
