2021-09-04T16:46:08.000Z,ssh user account guessing
