2021-04-26T05:50:01.000Z,ssh user account guessing
