2022-01-03T02:57:52.000Z,ssh user account guessing
