2024-03-25T07:22:04.000Z,ssh root password guessing
