2020-08-31T16:04:47.000Z,ssh user account guessing
2020-10-06T03:39:24.000Z,ssh root password guessing
