2022-10-24T08:26:44.000Z,ssh user account guessing
