2024-10-11T15:00:00.000Z,ssh user account guessing
