2021-04-27T20:35:55.000Z,ssh root password guessing
2021-12-15T06:16:38.000Z,ssh root password guessing
2022-04-10T20:06:02.000Z,ssh root password guessing
