2024-10-25T15:00:00.000Z,ssh user account guessing
