2022-05-21T00:51:27.000Z,ssh user account guessing
