2023-10-11T05:23:29.000Z,ssh root password guessing
