2022-09-26T14:37:39.000Z,smtp auth attempt
2023-07-22T20:12:43.000Z,smtp auth attempt
2023-11-03T06:17:30.000Z,smtp auth attempt
2024-03-01T02:20:02.000Z,smtp auth attempt
