2020-11-25T03:50:02.000Z,ssh root password guessing
2021-01-17T11:41:03.000Z,ssh user account guessing
