2020-04-07T12:48:25.000Z,ssh root password guessing
2020-05-10T04:26:54.000Z,ssh user account guessing
