2025-08-11T13:00:00.000Z,ssh user account guessing
