2020-10-06T19:13:34.000Z,ssh root password guessing
