2022-07-22T12:34:23.000Z,ssh root password guessing
