2023-02-08T07:09:12.000Z,ssh user account guessing
