2022-08-22T22:34:03.000Z,smtp auth attempt
2022-08-23T18:46:57.000Z,smtp auth attempt
2022-08-25T02:28:13.000Z,smtp auth attempt
