2022-01-14T05:07:55.000Z,ssh user account guessing
