2020-03-16T19:50:05.000Z,ssh user account guessing
