2021-01-21T20:05:18.000Z,ssh user account guessing
2022-01-17T03:46:08.000Z,ssh root password guessing
