2021-08-14T11:38:15.000Z,ssh user account guessing
