2022-12-30T06:29:14.000Z,ssh user account guessing
