2024-02-01T20:18:58.000Z,ssh root password guessing
