2020-05-18T08:55:10.000Z,ssh user account guessing
2020-06-30T00:19:12.000Z,ssh user account guessing
2020-08-27T10:55:56.000Z,ssh user account guessing
2023-09-26T00:59:36.000Z,ssh user account guessing
2023-10-09T06:40:00.000Z,ssh root password guessing
2023-10-17T16:15:04.000Z,ssh user account guessing
2024-01-04T06:09:54.000Z,ssh root password guessing
2024-04-18T12:12:43.000Z,ssh user account guessing
2024-10-12T20:00:00.000Z,ssh user account guessing
2024-10-15T14:00:00.000Z,ssh user account guessing
2024-10-16T10:00:00.000Z,ssh user account guessing
2024-11-14T15:00:00.000Z,ssh root password guessing
2024-12-01T02:00:00.000Z,ssh user account guessing
2024-12-02T02:00:00.000Z,ssh root password guessing
2025-02-13T17:00:00.000Z,ssh user account guessing
2025-03-27T03:00:00.000Z,ssh user account guessing
2025-05-14T19:00:00.000Z,ssh user account guessing
2025-06-02T00:00:00.000Z,ssh root password guessing
2025-06-22T09:00:00.000Z,ssh user account guessing
2025-09-19T13:00:00.000Z,ssh root password guessing
2025-10-18T19:00:00.000Z,ssh user account guessing
2025-12-26T23:00:00.000Z,ssh user account guessing
2026-09-22T17:00:00.000Z,ssh user account guessing
