2021-01-12T16:48:08.000Z,ssh user account guessing
