2024-06-23T05:22:20.000Z,smtp auth attempt
