2021-01-25T13:11:16.000Z,ssh root password guessing
