2021-07-12T17:14:19.000Z,smtp auth attempt
