2026-06-25T03:00:00.000Z,ssh user account guessing
