2021-01-04T12:08:15.000Z,ssh root password guessing
