2024-09-23T12:00:00.000Z,ssh root password guessing
