2024-07-26T11:54:08.000Z,ssh root password guessing
