2024-01-30T03:42:06.000Z,smtp auth attempt
