2025-08-04T21:00:00.000Z,ssh user account guessing
2025-12-25T10:00:00.000Z,ssh user account guessing
