2021-03-26T04:53:06.000Z,ssh root password guessing
