2020-10-18T22:36:23.000Z,ssh user account guessing
