2022-08-22T17:51:40.000Z,ssh user account guessing
2022-10-10T00:19:34.000Z,ssh user account guessing
2022-12-24T01:43:33.000Z,ssh user account guessing
2023-06-23T01:17:24.000Z,ssh user account guessing
2023-08-16T08:56:49.000Z,ssh root password guessing
