2023-07-23T02:17:38.000Z,ssh user account guessing
