2026-07-29T09:00:00.000Z,ssh user account guessing
