2021-07-19T00:28:48.000Z,ssh user account guessing
