2022-08-22T23:59:03.000Z,ssh root password guessing
