2020-04-18T10:31:45.000Z,ssh user account guessing
