2023-01-23T18:16:43.000Z,ssh root password guessing
