2021-08-17T11:26:08.000Z,ssh user account guessing
2022-05-12T21:38:32.000Z,ssh user account guessing
2022-05-21T03:28:57.000Z,ssh user account guessing
