2022-09-14T17:23:25.000Z,ssh root password guessing
2022-09-27T07:12:40.000Z,ssh root password guessing
