2021-09-25T18:28:52.000Z,ssh user account guessing
