2024-04-03T04:10:36.000Z,smtp auth attempt
