2020-03-07T13:23:57.000Z,ssh root password guessing
2020-05-16T19:23:14.000Z,ssh user account guessing
2020-07-05T08:18:40.000Z,ssh user account guessing
2021-02-07T21:43:35.000Z,ssh user account guessing
2021-06-19T17:07:16.000Z,ssh user account guessing
