2022-05-09T08:41:26.000Z,ssh user account guessing
