2021-02-23T09:25:41.000Z,ssh root password guessing
2021-03-03T10:17:51.000Z,ssh root password guessing
