2020-03-10T20:58:39.000Z,ssh root password guessing
2020-05-26T04:28:42.000Z,ssh root password guessing
