2023-06-05T20:14:24.000Z,ssh user account guessing
