2020-06-17T15:11:55.000Z,ssh root password guessing
2020-06-20T15:17:09.000Z,ssh user account guessing
